0.8775293827056885
0.2354123592376709
0.22597742080688477
0.18598699569702148
0.20406103134155273
0.17494416236877441
0.1742558479309082
0.1715688705444336
0.17914462089538574
0.17034912109375
0.20506954193115234
0.1653733253479004
0.1669635772705078
0.17168283462524414
0.16144561767578125
0.17112183570861816
0.1654071807861328
0.1744682788848877
0.18642759323120117
0.17507338523864746
0.16808342933654785
0.16966605186462402
0.17191362380981445
0.16484475135803223
0.17893624305725098
0.16467022895812988
0.16129827499389648
0.202897310256958
0.1788039207458496
0.1741178035736084