0.9410223960876465
0.262157678604126
0.24971318244934082
0.23561501502990723
0.208906888961792
0.23117280006408691
0.23270249366760254
0.24494028091430664
0.20804572105407715
0.2124347686767578
0.20993709564208984
0.2124617099761963
0.23207879066467285
0.2409508228302002
0.2051410675048828
0.21487092971801758
0.19976544380187988
0.2062065601348877
0.19904756546020508
0.21723437309265137
0.2443842887878418
0.21610403060913086
0.20500802993774414
0.20632004737854004
0.20048904418945312
0.20938396453857422
0.21394991874694824
0.23758411407470703
0.20163822174072266
0.2097184658050537
0.20604848861694336
0.21158337593078613
0.20606160163879395